#src dst src_tor dst_tor start_time flow_size compute_time stage_index
480 1184 12 34 10810591054 546875000 2692307693 0
1184 1152 34 33 10810591054 546875000 2692307693 0
1152 320 33 7 10810591054 546875000 2692307693 0
320 480 7 12 10810591054 546875000 2692307693 0
481 1185 12 34 10810591054 546875000 2692307693 1
1185 1153 34 33 10810591054 546875000 2692307693 1
1153 321 33 7 10810591054 546875000 2692307693 1
321 481 7 12 10810591054 546875000 2692307693 1
482 1186 12 34 10810591054 546875000 2692307693 2
1186 1154 34 33 10810591054 546875000 2692307693 2
1154 322 33 7 10810591054 546875000 2692307693 2
322 482 7 12 10810591054 546875000 2692307693 2
483 1187 12 34 10810591054 546875000 2692307693 3
1187 1155 34 33 10810591054 546875000 2692307693 3
1155 323 33 7 10810591054 546875000 2692307693 3
323 483 7 12 10810591054 546875000 2692307693 3
484 1188 12 34 10810591054 546875000 2692307693 4
1188 1156 34 33 10810591054 546875000 2692307693 4
1156 324 33 7 10810591054 546875000 2692307693 4
324 484 7 12 10810591054 546875000 2692307693 4
485 1189 12 34 10810591054 546875000 2692307693 5
1189 1157 34 33 10810591054 546875000 2692307693 5
1157 325 33 7 10810591054 546875000 2692307693 5
325 485 7 12 10810591054 546875000 2692307693 5
486 1190 12 34 10810591054 546875000 2692307693 6
1190 1158 34 33 10810591054 546875000 2692307693 6
1158 326 33 7 10810591054 546875000 2692307693 6
326 486 7 12 10810591054 546875000 2692307693 6
487 1191 12 34 10810591054 546875000 2692307693 7
1191 1159 34 33 10810591054 546875000 2692307693 7
1159 327 33 7 10810591054 546875000 2692307693 7
327 487 7 12 10810591054 546875000 2692307693 7
488 1192 12 34 10810591054 546875000 2692307693 8
1192 1160 34 33 10810591054 546875000 2692307693 8
1160 328 33 7 10810591054 546875000 2692307693 8
328 488 7 12 10810591054 546875000 2692307693 8
489 1193 12 34 10810591054 546875000 2692307693 9
1193 1161 34 33 10810591054 546875000 2692307693 9
1161 329 33 7 10810591054 546875000 2692307693 9
329 489 7 12 10810591054 546875000 2692307693 9
490 1194 12 34 10810591054 546875000 2692307693 10
1194 1162 34 33 10810591054 546875000 2692307693 10
1162 330 33 7 10810591054 546875000 2692307693 10
330 490 7 12 10810591054 546875000 2692307693 10
491 1195 12 34 10810591054 546875000 2692307693 11
1195 1163 34 33 10810591054 546875000 2692307693 11
1163 331 33 7 10810591054 546875000 2692307693 11
331 491 7 12 10810591054 546875000 2692307693 11
492 1196 12 34 10810591054 546875000 2692307693 12
1196 1164 34 33 10810591054 546875000 2692307693 12
1164 332 33 7 10810591054 546875000 2692307693 12
332 492 7 12 10810591054 546875000 2692307693 12
493 1197 12 34 10810591054 546875000 2692307693 13
1197 1165 34 33 10810591054 546875000 2692307693 13
1165 333 33 7 10810591054 546875000 2692307693 13
333 493 7 12 10810591054 546875000 2692307693 13
494 1198 12 34 10810591054 546875000 2692307693 14
1198 1166 34 33 10810591054 546875000 2692307693 14
1166 334 33 7 10810591054 546875000 2692307693 14
334 494 7 12 10810591054 546875000 2692307693 14
495 1199 12 34 10810591054 546875000 2692307693 15
1199 1167 34 33 10810591054 546875000 2692307693 15
1167 335 33 7 10810591054 546875000 2692307693 15
335 495 7 12 10810591054 546875000 2692307693 15
496 1200 12 34 10810591054 546875000 2692307693 16
1200 1168 34 33 10810591054 546875000 2692307693 16
1168 336 33 7 10810591054 546875000 2692307693 16
336 496 7 12 10810591054 546875000 2692307693 16
497 1201 12 34 10810591054 546875000 2692307693 17
1201 1169 34 33 10810591054 546875000 2692307693 17
1169 337 33 7 10810591054 546875000 2692307693 17
337 497 7 12 10810591054 546875000 2692307693 17
498 1202 12 34 10810591054 546875000 2692307693 18
1202 1170 34 33 10810591054 546875000 2692307693 18
1170 338 33 7 10810591054 546875000 2692307693 18
338 498 7 12 10810591054 546875000 2692307693 18
499 1203 12 34 10810591054 546875000 2692307693 19
1203 1171 34 33 10810591054 546875000 2692307693 19
1171 339 33 7 10810591054 546875000 2692307693 19
339 499 7 12 10810591054 546875000 2692307693 19
500 1204 12 34 10810591054 546875000 2692307693 20
1204 1172 34 33 10810591054 546875000 2692307693 20
1172 340 33 7 10810591054 546875000 2692307693 20
340 500 7 12 10810591054 546875000 2692307693 20
501 1205 12 34 10810591054 546875000 2692307693 21
1205 1173 34 33 10810591054 546875000 2692307693 21
1173 341 33 7 10810591054 546875000 2692307693 21
341 501 7 12 10810591054 546875000 2692307693 21
502 1206 12 34 10810591054 546875000 2692307693 22
1206 1174 34 33 10810591054 546875000 2692307693 22
1174 342 33 7 10810591054 546875000 2692307693 22
342 502 7 12 10810591054 546875000 2692307693 22
503 1207 12 34 10810591054 546875000 2692307693 23
1207 1175 34 33 10810591054 546875000 2692307693 23
1175 343 33 7 10810591054 546875000 2692307693 23
343 503 7 12 10810591054 546875000 2692307693 23
504 1208 12 34 10810591054 546875000 2692307693 24
1208 1176 34 33 10810591054 546875000 2692307693 24
1176 344 33 7 10810591054 546875000 2692307693 24
344 504 7 12 10810591054 546875000 2692307693 24
505 1209 12 34 10810591054 546875000 2692307693 25
1209 1177 34 33 10810591054 546875000 2692307693 25
1177 345 33 7 10810591054 546875000 2692307693 25
345 505 7 12 10810591054 546875000 2692307693 25
506 1210 12 34 10810591054 546875000 2692307693 26
1210 1178 34 33 10810591054 546875000 2692307693 26
1178 346 33 7 10810591054 546875000 2692307693 26
346 506 7 12 10810591054 546875000 2692307693 26
507 1211 12 34 10810591054 546875000 2692307693 27
1211 1179 34 33 10810591054 546875000 2692307693 27
1179 347 33 7 10810591054 546875000 2692307693 27
347 507 7 12 10810591054 546875000 2692307693 27
508 1212 12 34 10810591054 546875000 2692307693 28
1212 1180 34 33 10810591054 546875000 2692307693 28
1180 348 33 7 10810591054 546875000 2692307693 28
348 508 7 12 10810591054 546875000 2692307693 28
509 1213 12 34 10810591054 546875000 2692307693 29
1213 1181 34 33 10810591054 546875000 2692307693 29
1181 349 33 7 10810591054 546875000 2692307693 29
349 509 7 12 10810591054 546875000 2692307693 29
510 1214 12 34 10810591054 546875000 2692307693 30
1214 1182 34 33 10810591054 546875000 2692307693 30
1182 350 33 7 10810591054 546875000 2692307693 30
350 510 7 12 10810591054 546875000 2692307693 30
511 1215 12 34 10810591054 546875000 2692307693 31
1215 1183 34 33 10810591054 546875000 2692307693 31
1183 351 33 7 10810591054 546875000 2692307693 31
351 511 7 12 10810591054 546875000 2692307693 31
1248 768 36 21 10810591054 546875000 2692307693 32
768 1376 21 40 10810591054 546875000 2692307693 32
1376 208 40 3 10810591054 546875000 2692307693 32
208 1248 3 36 10810591054 546875000 2692307693 32
1249 769 36 21 10810591054 546875000 2692307693 33
769 1377 21 40 10810591054 546875000 2692307693 33
1377 209 40 3 10810591054 546875000 2692307693 33
209 1249 3 36 10810591054 546875000 2692307693 33
1250 770 36 21 10810591054 546875000 2692307693 34
770 1378 21 40 10810591054 546875000 2692307693 34
1378 210 40 3 10810591054 546875000 2692307693 34
210 1250 3 36 10810591054 546875000 2692307693 34
1251 771 36 21 10810591054 546875000 2692307693 35
771 1379 21 40 10810591054 546875000 2692307693 35
1379 211 40 3 10810591054 546875000 2692307693 35
211 1251 3 36 10810591054 546875000 2692307693 35
1252 772 36 21 10810591054 546875000 2692307693 36
772 1380 21 40 10810591054 546875000 2692307693 36
1380 212 40 3 10810591054 546875000 2692307693 36
212 1252 3 36 10810591054 546875000 2692307693 36
1253 773 36 21 10810591054 546875000 2692307693 37
773 1381 21 40 10810591054 546875000 2692307693 37
1381 213 40 3 10810591054 546875000 2692307693 37
213 1253 3 36 10810591054 546875000 2692307693 37
1254 774 36 21 10810591054 546875000 2692307693 38
774 1382 21 40 10810591054 546875000 2692307693 38
1382 214 40 3 10810591054 546875000 2692307693 38
214 1254 3 36 10810591054 546875000 2692307693 38
1255 775 36 21 10810591054 546875000 2692307693 39
775 1383 21 40 10810591054 546875000 2692307693 39
1383 215 40 3 10810591054 546875000 2692307693 39
215 1255 3 36 10810591054 546875000 2692307693 39
1256 776 36 21 10810591054 546875000 2692307693 40
776 1384 21 40 10810591054 546875000 2692307693 40
1384 216 40 3 10810591054 546875000 2692307693 40
216 1256 3 36 10810591054 546875000 2692307693 40
1257 777 36 21 10810591054 546875000 2692307693 41
777 1385 21 40 10810591054 546875000 2692307693 41
1385 217 40 3 10810591054 546875000 2692307693 41
217 1257 3 36 10810591054 546875000 2692307693 41
1258 778 36 21 10810591054 546875000 2692307693 42
778 1386 21 40 10810591054 546875000 2692307693 42
1386 218 40 3 10810591054 546875000 2692307693 42
218 1258 3 36 10810591054 546875000 2692307693 42
1259 779 36 21 10810591054 546875000 2692307693 43
779 1387 21 40 10810591054 546875000 2692307693 43
1387 219 40 3 10810591054 546875000 2692307693 43
219 1259 3 36 10810591054 546875000 2692307693 43
1260 780 36 21 10810591054 546875000 2692307693 44
780 1388 21 40 10810591054 546875000 2692307693 44
1388 220 40 3 10810591054 546875000 2692307693 44
220 1260 3 36 10810591054 546875000 2692307693 44
1261 781 36 21 10810591054 546875000 2692307693 45
781 1389 21 40 10810591054 546875000 2692307693 45
1389 221 40 3 10810591054 546875000 2692307693 45
221 1261 3 36 10810591054 546875000 2692307693 45
1262 782 36 21 10810591054 546875000 2692307693 46
782 1390 21 40 10810591054 546875000 2692307693 46
1390 222 40 3 10810591054 546875000 2692307693 46
222 1262 3 36 10810591054 546875000 2692307693 46
1263 783 36 21 10810591054 546875000 2692307693 47
783 1391 21 40 10810591054 546875000 2692307693 47
1391 223 40 3 10810591054 546875000 2692307693 47
223 1263 3 36 10810591054 546875000 2692307693 47
1264 784 36 21 10810591054 546875000 2692307693 48
784 1392 21 40 10810591054 546875000 2692307693 48
1392 1120 40 32 10810591054 546875000 2692307693 48
1120 1264 32 36 10810591054 546875000 2692307693 48
1265 785 36 21 10810591054 546875000 2692307693 49
785 1393 21 40 10810591054 546875000 2692307693 49
1393 1121 40 32 10810591054 546875000 2692307693 49
1121 1265 32 36 10810591054 546875000 2692307693 49
1266 786 36 21 10810591054 546875000 2692307693 50
786 1394 21 40 10810591054 546875000 2692307693 50
1394 1122 40 32 10810591054 546875000 2692307693 50
1122 1266 32 36 10810591054 546875000 2692307693 50
1267 787 36 21 10810591054 546875000 2692307693 51
787 1395 21 40 10810591054 546875000 2692307693 51
1395 1123 40 32 10810591054 546875000 2692307693 51
1123 1267 32 36 10810591054 546875000 2692307693 51
1268 788 36 21 10810591054 546875000 2692307693 52
788 1396 21 40 10810591054 546875000 2692307693 52
1396 1124 40 32 10810591054 546875000 2692307693 52
1124 1268 32 36 10810591054 546875000 2692307693 52
1269 789 36 21 10810591054 546875000 2692307693 53
789 1397 21 40 10810591054 546875000 2692307693 53
1397 1125 40 32 10810591054 546875000 2692307693 53
1125 1269 32 36 10810591054 546875000 2692307693 53
1270 790 36 21 10810591054 546875000 2692307693 54
790 1398 21 40 10810591054 546875000 2692307693 54
1398 1126 40 32 10810591054 546875000 2692307693 54
1126 1270 32 36 10810591054 546875000 2692307693 54
1271 791 36 21 10810591054 546875000 2692307693 55
791 1399 21 40 10810591054 546875000 2692307693 55
1399 1127 40 32 10810591054 546875000 2692307693 55
1127 1271 32 36 10810591054 546875000 2692307693 55
1272 792 36 21 10810591054 546875000 2692307693 56
792 1400 21 40 10810591054 546875000 2692307693 56
1400 1128 40 32 10810591054 546875000 2692307693 56
1128 1272 32 36 10810591054 546875000 2692307693 56
1273 793 36 21 10810591054 546875000 2692307693 57
793 1401 21 40 10810591054 546875000 2692307693 57
1401 1129 40 32 10810591054 546875000 2692307693 57
1129 1273 32 36 10810591054 546875000 2692307693 57
1274 794 36 21 10810591054 546875000 2692307693 58
794 1402 21 40 10810591054 546875000 2692307693 58
1402 1130 40 32 10810591054 546875000 2692307693 58
1130 1274 32 36 10810591054 546875000 2692307693 58
1275 795 36 21 10810591054 546875000 2692307693 59
795 1403 21 40 10810591054 546875000 2692307693 59
1403 1131 40 32 10810591054 546875000 2692307693 59
1131 1275 32 36 10810591054 546875000 2692307693 59
1276 796 36 21 10810591054 546875000 2692307693 60
796 1404 21 40 10810591054 546875000 2692307693 60
1404 1132 40 32 10810591054 546875000 2692307693 60
1132 1276 32 36 10810591054 546875000 2692307693 60
1277 797 36 21 10810591054 546875000 2692307693 61
797 1405 21 40 10810591054 546875000 2692307693 61
1405 1133 40 32 10810591054 546875000 2692307693 61
1133 1277 32 36 10810591054 546875000 2692307693 61
1278 798 36 21 10810591054 546875000 2692307693 62
798 1406 21 40 10810591054 546875000 2692307693 62
1406 1134 40 32 10810591054 546875000 2692307693 62
1134 1278 32 36 10810591054 546875000 2692307693 62
1279 799 36 21 10810591054 546875000 2692307693 63
799 1407 21 40 10810591054 546875000 2692307693 63
1407 1135 40 32 10810591054 546875000 2692307693 63
1135 1279 32 36 10810591054 546875000 2692307693 63
1952 1472 58 43 10810591054 546875000 2692307693 64
1472 1856 43 55 10810591054 546875000 2692307693 64
1856 1136 55 32 10810591054 546875000 2692307693 64
1136 1952 32 58 10810591054 546875000 2692307693 64
1953 1473 58 43 10810591054 546875000 2692307693 65
1473 1857 43 55 10810591054 546875000 2692307693 65
1857 1137 55 32 10810591054 546875000 2692307693 65
1137 1953 32 58 10810591054 546875000 2692307693 65
1954 1474 58 43 10810591054 546875000 2692307693 66
1474 1858 43 55 10810591054 546875000 2692307693 66
1858 1138 55 32 10810591054 546875000 2692307693 66
1138 1954 32 58 10810591054 546875000 2692307693 66
1955 1475 58 43 10810591054 546875000 2692307693 67
1475 1859 43 55 10810591054 546875000 2692307693 67
1859 1139 55 32 10810591054 546875000 2692307693 67
1139 1955 32 58 10810591054 546875000 2692307693 67
1956 1476 58 43 10810591054 546875000 2692307693 68
1476 1860 43 55 10810591054 546875000 2692307693 68
1860 1140 55 32 10810591054 546875000 2692307693 68
1140 1956 32 58 10810591054 546875000 2692307693 68
1957 1477 58 43 10810591054 546875000 2692307693 69
1477 1861 43 55 10810591054 546875000 2692307693 69
1861 1141 55 32 10810591054 546875000 2692307693 69
1141 1957 32 58 10810591054 546875000 2692307693 69
1958 1478 58 43 10810591054 546875000 2692307693 70
1478 1862 43 55 10810591054 546875000 2692307693 70
1862 1142 55 32 10810591054 546875000 2692307693 70
1142 1958 32 58 10810591054 546875000 2692307693 70
1959 1479 58 43 10810591054 546875000 2692307693 71
1479 1863 43 55 10810591054 546875000 2692307693 71
1863 1143 55 32 10810591054 546875000 2692307693 71
1143 1959 32 58 10810591054 546875000 2692307693 71
1960 1480 58 43 10810591054 546875000 2692307693 72
1480 1864 43 55 10810591054 546875000 2692307693 72
1864 1144 55 32 10810591054 546875000 2692307693 72
1144 1960 32 58 10810591054 546875000 2692307693 72
1961 1481 58 43 10810591054 546875000 2692307693 73
1481 1865 43 55 10810591054 546875000 2692307693 73
1865 1145 55 32 10810591054 546875000 2692307693 73
1145 1961 32 58 10810591054 546875000 2692307693 73
1962 1482 58 43 10810591054 546875000 2692307693 74
1482 1866 43 55 10810591054 546875000 2692307693 74
1866 1146 55 32 10810591054 546875000 2692307693 74
1146 1962 32 58 10810591054 546875000 2692307693 74
1963 1483 58 43 10810591054 546875000 2692307693 75
1483 1867 43 55 10810591054 546875000 2692307693 75
1867 1147 55 32 10810591054 546875000 2692307693 75
1147 1963 32 58 10810591054 546875000 2692307693 75
1964 1484 58 43 10810591054 546875000 2692307693 76
1484 1868 43 55 10810591054 546875000 2692307693 76
1868 1148 55 32 10810591054 546875000 2692307693 76
1148 1964 32 58 10810591054 546875000 2692307693 76
1965 1485 58 43 10810591054 546875000 2692307693 77
1485 1869 43 55 10810591054 546875000 2692307693 77
1869 1149 55 32 10810591054 546875000 2692307693 77
1149 1965 32 58 10810591054 546875000 2692307693 77
1966 1486 58 43 10810591054 546875000 2692307693 78
1486 1870 43 55 10810591054 546875000 2692307693 78
1870 1150 55 32 10810591054 546875000 2692307693 78
1150 1966 32 58 10810591054 546875000 2692307693 78
1967 1487 58 43 10810591054 546875000 2692307693 79
1487 1871 43 55 10810591054 546875000 2692307693 79
1871 1151 55 32 10810591054 546875000 2692307693 79
1151 1967 32 58 10810591054 546875000 2692307693 79
1968 1488 58 43 10810591054 546875000 2692307693 80
1488 1872 43 55 10810591054 546875000 2692307693 80
1872 832 55 23 10810591054 546875000 2692307693 80
832 1968 23 58 10810591054 546875000 2692307693 80
1969 1489 58 43 10810591054 546875000 2692307693 81
1489 1873 43 55 10810591054 546875000 2692307693 81
1873 833 55 23 10810591054 546875000 2692307693 81
833 1969 23 58 10810591054 546875000 2692307693 81
1970 1490 58 43 10810591054 546875000 2692307693 82
1490 1874 43 55 10810591054 546875000 2692307693 82
1874 834 55 23 10810591054 546875000 2692307693 82
834 1970 23 58 10810591054 546875000 2692307693 82
1971 1491 58 43 10810591054 546875000 2692307693 83
1491 1875 43 55 10810591054 546875000 2692307693 83
1875 835 55 23 10810591054 546875000 2692307693 83
835 1971 23 58 10810591054 546875000 2692307693 83
1972 1492 58 43 10810591054 546875000 2692307693 84
1492 1876 43 55 10810591054 546875000 2692307693 84
1876 836 55 23 10810591054 546875000 2692307693 84
836 1972 23 58 10810591054 546875000 2692307693 84
1973 1493 58 43 10810591054 546875000 2692307693 85
1493 1877 43 55 10810591054 546875000 2692307693 85
1877 837 55 23 10810591054 546875000 2692307693 85
837 1973 23 58 10810591054 546875000 2692307693 85
1974 1494 58 43 10810591054 546875000 2692307693 86
1494 1878 43 55 10810591054 546875000 2692307693 86
1878 838 55 23 10810591054 546875000 2692307693 86
838 1974 23 58 10810591054 546875000 2692307693 86
1975 1495 58 43 10810591054 546875000 2692307693 87
1495 1879 43 55 10810591054 546875000 2692307693 87
1879 839 55 23 10810591054 546875000 2692307693 87
839 1975 23 58 10810591054 546875000 2692307693 87
1976 1496 58 43 10810591054 546875000 2692307693 88
1496 1880 43 55 10810591054 546875000 2692307693 88
1880 840 55 23 10810591054 546875000 2692307693 88
840 1976 23 58 10810591054 546875000 2692307693 88
1977 1497 58 43 10810591054 546875000 2692307693 89
1497 1881 43 55 10810591054 546875000 2692307693 89
1881 841 55 23 10810591054 546875000 2692307693 89
841 1977 23 58 10810591054 546875000 2692307693 89
1978 1498 58 43 10810591054 546875000 2692307693 90
1498 1882 43 55 10810591054 546875000 2692307693 90
1882 842 55 23 10810591054 546875000 2692307693 90
842 1978 23 58 10810591054 546875000 2692307693 90
1979 1499 58 43 10810591054 546875000 2692307693 91
1499 1883 43 55 10810591054 546875000 2692307693 91
1883 843 55 23 10810591054 546875000 2692307693 91
843 1979 23 58 10810591054 546875000 2692307693 91
1980 1500 58 43 10810591054 546875000 2692307693 92
1500 1884 43 55 10810591054 546875000 2692307693 92
1884 844 55 23 10810591054 546875000 2692307693 92
844 1980 23 58 10810591054 546875000 2692307693 92
1981 1501 58 43 10810591054 546875000 2692307693 93
1501 1885 43 55 10810591054 546875000 2692307693 93
1885 845 55 23 10810591054 546875000 2692307693 93
845 1981 23 58 10810591054 546875000 2692307693 93
1982 1502 58 43 10810591054 546875000 2692307693 94
1502 1886 43 55 10810591054 546875000 2692307693 94
1886 846 55 23 10810591054 546875000 2692307693 94
846 1982 23 58 10810591054 546875000 2692307693 94
1983 1503 58 43 10810591054 546875000 2692307693 95
1503 1887 43 55 10810591054 546875000 2692307693 95
1887 847 55 23 10810591054 546875000 2692307693 95
847 1983 23 58 10810591054 546875000 2692307693 95
1440 672 42 18 10810591054 546875000 2692307693 96
672 112 18 0 10810591054 546875000 2692307693 96
112 848 0 23 10810591054 546875000 2692307693 96
848 1440 23 42 10810591054 546875000 2692307693 96
1441 673 42 18 10810591054 546875000 2692307693 97
673 113 18 0 10810591054 546875000 2692307693 97
113 849 0 23 10810591054 546875000 2692307693 97
849 1441 23 42 10810591054 546875000 2692307693 97
1442 674 42 18 10810591054 546875000 2692307693 98
674 114 18 0 10810591054 546875000 2692307693 98
114 850 0 23 10810591054 546875000 2692307693 98
850 1442 23 42 10810591054 546875000 2692307693 98
1443 675 42 18 10810591054 546875000 2692307693 99
675 115 18 0 10810591054 546875000 2692307693 99
115 851 0 23 10810591054 546875000 2692307693 99
851 1443 23 42 10810591054 546875000 2692307693 99
1444 676 42 18 10810591054 546875000 2692307693 100
676 116 18 0 10810591054 546875000 2692307693 100
116 852 0 23 10810591054 546875000 2692307693 100
852 1444 23 42 10810591054 546875000 2692307693 100
1445 677 42 18 10810591054 546875000 2692307693 101
677 117 18 0 10810591054 546875000 2692307693 101
117 853 0 23 10810591054 546875000 2692307693 101
853 1445 23 42 10810591054 546875000 2692307693 101
1446 678 42 18 10810591054 546875000 2692307693 102
678 118 18 0 10810591054 546875000 2692307693 102
118 854 0 23 10810591054 546875000 2692307693 102
854 1446 23 42 10810591054 546875000 2692307693 102
1447 679 42 18 10810591054 546875000 2692307693 103
679 119 18 0 10810591054 546875000 2692307693 103
119 855 0 23 10810591054 546875000 2692307693 103
855 1447 23 42 10810591054 546875000 2692307693 103
1448 680 42 18 10810591054 546875000 2692307693 104
680 120 18 0 10810591054 546875000 2692307693 104
120 856 0 23 10810591054 546875000 2692307693 104
856 1448 23 42 10810591054 546875000 2692307693 104
1449 681 42 18 10810591054 546875000 2692307693 105
681 121 18 0 10810591054 546875000 2692307693 105
121 857 0 23 10810591054 546875000 2692307693 105
857 1449 23 42 10810591054 546875000 2692307693 105
1450 682 42 18 10810591054 546875000 2692307693 106
682 122 18 0 10810591054 546875000 2692307693 106
122 858 0 23 10810591054 546875000 2692307693 106
858 1450 23 42 10810591054 546875000 2692307693 106
1451 683 42 18 10810591054 546875000 2692307693 107
683 123 18 0 10810591054 546875000 2692307693 107
123 859 0 23 10810591054 546875000 2692307693 107
859 1451 23 42 10810591054 546875000 2692307693 107
1452 684 42 18 10810591054 546875000 2692307693 108
684 124 18 0 10810591054 546875000 2692307693 108
124 860 0 23 10810591054 546875000 2692307693 108
860 1452 23 42 10810591054 546875000 2692307693 108
1453 685 42 18 10810591054 546875000 2692307693 109
685 125 18 0 10810591054 546875000 2692307693 109
125 861 0 23 10810591054 546875000 2692307693 109
861 1453 23 42 10810591054 546875000 2692307693 109
1454 686 42 18 10810591054 546875000 2692307693 110
686 126 18 0 10810591054 546875000 2692307693 110
126 862 0 23 10810591054 546875000 2692307693 110
862 1454 23 42 10810591054 546875000 2692307693 110
1455 687 42 18 10810591054 546875000 2692307693 111
687 127 18 0 10810591054 546875000 2692307693 111
127 863 0 23 10810591054 546875000 2692307693 111
863 1455 23 42 10810591054 546875000 2692307693 111
1456 688 42 18 10810591054 546875000 2692307693 112
688 1504 18 44 10810591054 546875000 2692307693 112
1504 1760 44 52 10810591054 546875000 2692307693 112
1760 1456 52 42 10810591054 546875000 2692307693 112
1457 689 42 18 10810591054 546875000 2692307693 113
689 1505 18 44 10810591054 546875000 2692307693 113
1505 1761 44 52 10810591054 546875000 2692307693 113
1761 1457 52 42 10810591054 546875000 2692307693 113
1458 690 42 18 10810591054 546875000 2692307693 114
690 1506 18 44 10810591054 546875000 2692307693 114
1506 1762 44 52 10810591054 546875000 2692307693 114
1762 1458 52 42 10810591054 546875000 2692307693 114
1459 691 42 18 10810591054 546875000 2692307693 115
691 1507 18 44 10810591054 546875000 2692307693 115
1507 1763 44 52 10810591054 546875000 2692307693 115
1763 1459 52 42 10810591054 546875000 2692307693 115
1460 692 42 18 10810591054 546875000 2692307693 116
692 1508 18 44 10810591054 546875000 2692307693 116
1508 1764 44 52 10810591054 546875000 2692307693 116
1764 1460 52 42 10810591054 546875000 2692307693 116
1461 693 42 18 10810591054 546875000 2692307693 117
693 1509 18 44 10810591054 546875000 2692307693 117
1509 1765 44 52 10810591054 546875000 2692307693 117
1765 1461 52 42 10810591054 546875000 2692307693 117
1462 694 42 18 10810591054 546875000 2692307693 118
694 1510 18 44 10810591054 546875000 2692307693 118
1510 1766 44 52 10810591054 546875000 2692307693 118
1766 1462 52 42 10810591054 546875000 2692307693 118
1463 695 42 18 10810591054 546875000 2692307693 119
695 1511 18 44 10810591054 546875000 2692307693 119
1511 1767 44 52 10810591054 546875000 2692307693 119
1767 1463 52 42 10810591054 546875000 2692307693 119
1464 696 42 18 10810591054 546875000 2692307693 120
696 1512 18 44 10810591054 546875000 2692307693 120
1512 1768 44 52 10810591054 546875000 2692307693 120
1768 1464 52 42 10810591054 546875000 2692307693 120
1465 697 42 18 10810591054 546875000 2692307693 121
697 1513 18 44 10810591054 546875000 2692307693 121
1513 1769 44 52 10810591054 546875000 2692307693 121
1769 1465 52 42 10810591054 546875000 2692307693 121
1466 698 42 18 10810591054 546875000 2692307693 122
698 1514 18 44 10810591054 546875000 2692307693 122
1514 1770 44 52 10810591054 546875000 2692307693 122
1770 1466 52 42 10810591054 546875000 2692307693 122
1467 699 42 18 10810591054 546875000 2692307693 123
699 1515 18 44 10810591054 546875000 2692307693 123
1515 1771 44 52 10810591054 546875000 2692307693 123
1771 1467 52 42 10810591054 546875000 2692307693 123
1468 700 42 18 10810591054 546875000 2692307693 124
700 1516 18 44 10810591054 546875000 2692307693 124
1516 1772 44 52 10810591054 546875000 2692307693 124
1772 1468 52 42 10810591054 546875000 2692307693 124
1469 701 42 18 10810591054 546875000 2692307693 125
701 1517 18 44 10810591054 546875000 2692307693 125
1517 1773 44 52 10810591054 546875000 2692307693 125
1773 1469 52 42 10810591054 546875000 2692307693 125
1470 702 42 18 10810591054 546875000 2692307693 126
702 1518 18 44 10810591054 546875000 2692307693 126
1518 1774 44 52 10810591054 546875000 2692307693 126
1774 1470 52 42 10810591054 546875000 2692307693 126
1471 703 42 18 10810591054 546875000 2692307693 127
703 1519 18 44 10810591054 546875000 2692307693 127
1519 1775 44 52 10810591054 546875000 2692307693 127
1775 1471 52 42 10810591054 546875000 2692307693 127
